# grid fingerprint: 64x64, 300 steps per scene
# scene hash mat0..mat15
dry_fall     3d54ef6ad11afba3 3684 348 0 64 0 0 0 0 0 0 0 0 0 0 0 0
water_pool   33cdca4eb682d573 3377 18 618 83 0 0 0 0 0 0 0 0 0 0 0 0
lava_quench  866af2c8e265716a 2346 26 255 171 0 1076 0 73 0 0 123 0 0 0 26 0
fire_gas     29a689d30c5f7b1d 3177 0 0 64 0 370 360 0 0 125 0 0 0 0 0 0
sealed_lava  018687421fa3f081 3996 0 0 61 0 39 0 0 0 0 0 0 0 0 0 0
wet_earth    881cb107223e5311 3126 0 222 64 0 0 0 0 0 0 0 0 0 0 684 0
gas_land     37ff91513b1b9da4 3176 0 0 64 0 370 360 0 0 126 0 0 0 0 0 0
water_diag   a461041f7911010f 3383 18 612 83 0 0 0 0 0 0 0 0 0 0 0 0
plant_bed    c436f0f870caa404 2417 270 43 0 0 0 208 0 0 0 0 0 0 0 864 294
acid_bath    5573d1a833f77f0b 2708 20 155 23 670 0 0 178 5 0 0 298 20 0 0 19
snow_thaw    0dca92a9cd5fb967 2829 0 416 240 0 9 0 117 256 0 13 0 11 62 103 40
snow_asleep  0dca92a9cd5fb967 2829 0 416 240 0 9 0 117 256 0 13 0 11 62 103 40
pool_asleep  33cdca4eb682d573 3377 18 618 83 0 0 0 0 0 0 0 0 0 0 0 0
pool_land    dc2fa67f4c80ddbb 3380 18 615 83 0 0 0 0 0 0 0 0 0 0 0 0
snow_crust   101ca9a70d8f4963 3584 0 0 64 0 0 0 0 0 0 0 0 0 435 0 13
powder_keg   80c82b8966661c2d 3577 0 68 110 0 0 0 0 0 179 0 0 0 0 0 162
snow_earth   3c403b67c6cbd283 2640 416 0 64 0 0 0 0 0 0 0 0 0 544 416 16
plant_ruin   f19586b6d407c809 1806 4 0 291 0 1354 15 7 53 0 157 4 45 0 222 138
gas_no_walk  32b00614e8d1f491 3300 0 192 124 480 0 0 0 0 0 0 0 0 0 0 0
acid_oil     fe6829a24115328d 3223 0 0 0 537 0 0 0 2 5 0 329 0 0 0 0
glass_shock_snow 5996cd8ad243f715 3912 56 17 64 0 0 0 0 0 0 0 0 0 47 0 0
gas_land_inv f07c43cbe503fc39 2494 0 0 64 0 1052 360 0 0 126 0 0 0 0 0 0
two_core_big b1177a6eb7260529 31631 4340 12866 315 0 0 0 0 0 0 0 0 0 0 0 0
